Expresion = x1*CoSh(a-b) - b*(X2^4) + c*Ln(x3^3) - d*SQRT(a+x4^2)

Variables = x1,x2,x3,x4
Constantes = a,b,c,d

a = -0.05207519118379536
b = 0.004026015325784843
c = -0.0143299401255327
d = -0.8767221557132115
Error = 11.520107873976999